*** MID for each injection, corrected only for natural 13C, 29,30Si, 33,34S ***
Eee_commerc 0.895817 0.088122 0.01003 0.001774 0.003765 0 0 0.9995
VS1_natural 0.897510 0.084574 0.01112 0.001849 0.004168 0 0 0.9992
VS1_natural 0.897118 0.084990 0.01105 0.001917 0.004153 0 0 0.9992
Q33_3-13C-fitf 0.005899 0.930214 0.04881 0.009909 0.001414 0 0 0.9962
VS2_3-13C-Gln 0.006509 0.924719 0.05029 0.012120 0.002354 0 0 0.9960
VS2_3-13C-Gln 0.008189 0.924596 0.05009 0.010834 0.002296 0 0 0.9960
QUu_U-13C 0.002695 0.003999 0.01796 0.915805 0.049535 0 0 0.9900
VS3_U-13C-Gln 0.003722 0.007068 0.01844 0.910665 0.049380 0 0 0.9893
VS3_U-13C-Gln 0.004422 0.005814 0.01825 0.911301 0.049718 0 0 0.9895
VS4_90c:2m:8u 0.795683 0.097141 0.01242 0.084885 0.008142 0 0 0.9983
VS4_90c:2m:8u 0.796123 0.097240 0.01216 0.084771 0.008061 0 0 0.9984
VS6_4c:3m:3u 0.391679 0.299003 0.02373 0.264783 0.016462 0 0 0.9957
VS6_4c:3m:3u 0.391636 0.298880 0.02384 0.264742 0.016547 0 0 0.9956
VS7_95c:2m:3u 0.842217 0.107187 0.01194 0.032164 0.005388 0 0 0.9989
VS7_95c:2m:3u 0.842248 0.107108 0.01195 0.032173 0.005394 0 0 0.9989
final_95:2:3 0.842248 0.107108 0.01195 0.032173 0.005394 0 0 0.9989

*** Summed injections for each plate, corrected only for natural 13C, 29,30Si, 33,34S **
Eee_commerc 0.895817 0.088122 0.01003 0.001774 0.003765 0 0 0.9995
VS1_natural 0.897312 0.084784 0.01109 0.001883 0.004161 0 0 0.9992
Q33_3-13C-fitf 0.005899 0.930214 0.04881 0.009909 0.001414 0 0 0.9962
VS2_3-13C-Gln 0.007247 0.924665 0.05020 0.011555 0.002329 0 0 0.9960
QUu_U-13C 0.002695 0.003999 0.01796 0.915805 0.049535 0 0 0.9900
VS3_U-13C-Gln 0.004131 0.006337 0.01833 0.911036 0.049577 0 0 0.9894
VS4_90c:2m:8u 0.795945 0.097200 0.01227 0.084817 0.008094 0 0 0.9983
VS6_4c:3m:3u 0.391659 0.298945 0.02378 0.264764 0.016502 0 0 0.9957
VS7_95c:2m:3u 0.842232 0.107150 0.01195 0.032169 0.005391 0 0 0.9989
final_95:2:3 0.842248 0.107108 0.01195 0.032173 0.005394 0 0 0.9989

*** Summed injections for each plate corrected for peaks overlap, statistics **
Eee_commerc 0.946197 0.052620 0.0011705 1.302e-05 7.244e-08 1.394e-10  1.442e-09
VS1_natural 0.947776 0.049164 0.0022016 1.844e-04 4.104e-04 2.683e-04 -1.671e-03
Q33_3-13C-fitf 0.006943 0.942703 0.0427876 5.515e-03 6.785e-04 1.703e-03  9.923e-01
**sd** 0.001007 0.004029 0.0009682 1.275e-03 6.427e-04 1.473e-04  1.070e-03
QUu_U-13C 0.003605 0.005113 0.0174948 9.535e-01 2.126e-02 2.886e-03  9.949e-01
**sd** 0.001073 0.001639 0.0002368 3.525e-03 1.399e-04 4.255e-04  1.131e-03
VS4_90c:2m:8u 0.840708 0.065972 0.0041859 8.682e-02 2.166e-03 5.117e-04  1.114e-01
VS6_4c:3m:3u 0.413685 0.287786 0.0178610 2.740e-01 6.459e-03 1.400e-03  5.623e-01
VS7_95c:2m:3u 0.889598 0.074179 0.0034041 3.172e-02 8.936e-04 3.404e-04  5.977e-02

*** Statistics, samples fully corrected **
Eee_commerc 1.000000  2.931e-10 -1.238e-10 -3.588e-11 4.364e-11 0 0
VS1_natural 1.001669 -3.704e-03  1.227e-03  1.374e-04 4.114e-04 0 0
Q33_3-13C-fitf 0.007338  9.849e-01  8.848e-04  4.894e-03 5.728e-04 0 0
**sd** 0.001065  4.270e-03  1.187e-03  1.268e-03 6.216e-04 0 0
QUu_U-13C 0.003810  5.135e-03  1.785e-02  9.743e-01 5.696e-05 0 0
**sd** 0.001134  1.651e-03  1.708e-04  3.610e-03 2.208e-04 0 0
VS4_90c:2m:8u 0.888513  2.009e-02  2.368e-03  8.866e-02 2.384e-04 0 0
VS6_4c:3m:3u 0.437209  2.768e-01  5.757e-03  2.797e-01 3.732e-04 0 0
VS7_95c:2m:3u 0.940183  2.582e-02  1.245e-03  3.236e-02 1.909e-04 0 0
*** Correction factor: **
correction -0.09858 0.07883 0.01333 0.00212 0.003767 0.0005361 1 1

*** chi: **
Eee_commerc 0.00e+00 0.000e+00 0.000e+00 0 0.000e+00 1.394e-10 0.000e+00
VS1_natural 4.93e-28 0.000e+00 0.000e+00 0 0.000e+00 2.683e-04 2.220e-14
Q33_3-13C-fitf 0.00e+00 0.000e+00 1.926e-30 0 0.000e+00 1.703e-03 1.388e-15
QUu_U-13C 0.00e+00 3.009e-32 4.815e-31 0 1.926e-30 2.886e-03 1.561e-15
VS4_90c:2m:8u 0.00e+00 0.000e+00 0.000e+00 0 0.000e+00 5.117e-04 0.000e+00
VS6_4c:3m:3u 0.00e+00 0.000e+00 0.000e+00 0 0.000e+00 1.400e-03 0.000e+00
VS7_95c:2m:3u 0.00e+00 0.000e+00 0.000e+00 0 0.000e+00 3.404e-04 0.000e+00

 diff:  VS1_natural 0 0 0 0 0 0 0 
 mid:  VS1_natural 1.002 -0.003704 0.001227 0.0001374 0.0004114 0 0 
